0 1 2 3 4 5 6 7 8 9 10 11 12 13 14 15 16 17 18 19 20 21 22 23 24 10000 10001 10002 10003 10004 10005 10006 10007 10008 10009 10010 10011 10012 10013 10014 10015 10016 10017 10018 10019 10020 10021 10022 10023 10024 20000 20001 20002 20003 20004 20005 20006 20007 20008 20009 20010 20011 20012 20013 20014 20015 20016 20017 20018 20019 20020 20021 20022 20023 20024 30000 30001 30002 30003 30004 30005 30006 30007 30008 30009 30010 30011 30012 30013 30014 30015 30016 30017 30018 30019 30020 30021 30022 30023 30024 
100 101 102 103 104 105 106 107 108 109 110 111 112 113 114 115 116 117 118 119 120 121 122 123 124 10100 10101 10102 10103 10104 10105 10106 10107 10108 10109 10110 10111 10112 10113 10114 10115 10116 10117 10118 10119 10120 10121 10122 10123 10124 20100 20101 20102 20103 20104 20105 20106 20107 20108 20109 20110 20111 20112 20113 20114 20115 20116 20117 20118 20119 20120 20121 20122 20123 20124 30100 30101 30102 30103 30104 30105 30106 30107 30108 30109 30110 30111 30112 30113 30114 30115 30116 30117 30118 30119 30120 30121 30122 30123 30124 
200 201 202 203 204 205 206 207 208 209 210 211 212 213 214 215 216 217 218 219 220 221 222 223 224 10200 10201 10202 10203 10204 10205 10206 10207 10208 10209 10210 10211 10212 10213 10214 10215 10216 10217 10218 10219 10220 10221 10222 10223 10224 20200 20201 20202 20203 20204 20205 20206 20207 20208 20209 20210 20211 20212 20213 20214 20215 20216 20217 20218 20219 20220 20221 20222 20223 20224 30200 30201 30202 30203 30204 30205 30206 30207 30208 30209 30210 30211 30212 30213 30214 30215 30216 30217 30218 30219 30220 30221 30222 30223 30224 
300 301 302 303 304 305 306 307 308 309 310 311 312 313 314 315 316 317 318 319 320 321 322 323 324 10300 10301 10302 10303 10304 10305 10306 10307 10308 10309 10310 10311 10312 10313 10314 10315 10316 10317 10318 10319 10320 10321 10322 10323 10324 20300 20301 20302 20303 20304 20305 20306 20307 20308 20309 20310 20311 20312 20313 20314 20315 20316 20317 20318 20319 20320 20321 20322 20323 20324 30300 30301 30302 30303 30304 30305 30306 30307 30308 30309 30310 30311 30312 30313 30314 30315 30316 30317 30318 30319 30320 30321 30322 30323 30324 
400 401 402 403 404 405 406 407 408 409 410 411 412 413 414 415 416 417 418 419 420 421 422 423 424 10400 10401 10402 10403 10404 10405 10406 10407 10408 10409 10410 10411 10412 10413 10414 10415 10416 10417 10418 10419 10420 10421 10422 10423 10424 20400 20401 20402 20403 20404 20405 20406 20407 20408 20409 20410 20411 20412 20413 20414 20415 20416 20417 20418 20419 20420 20421 20422 20423 20424 30400 30401 30402 30403 30404 30405 30406 30407 30408 30409 30410 30411 30412 30413 30414 30415 30416 30417 30418 30419 30420 30421 30422 30423 30424 
500 501 502 503 504 505 506 507 508 509 510 511 512 513 514 515 516 517 518 519 520 521 522 523 524 10500 10501 10502 10503 10504 10505 10506 10507 10508 10509 10510 10511 10512 10513 10514 10515 10516 10517 10518 10519 10520 10521 10522 10523 10524 20500 20501 20502 20503 20504 20505 20506 20507 20508 20509 20510 20511 20512 20513 20514 20515 20516 20517 20518 20519 20520 20521 20522 20523 20524 30500 30501 30502 30503 30504 30505 30506 30507 30508 30509 30510 30511 30512 30513 30514 30515 30516 30517 30518 30519 30520 30521 30522 30523 30524 
600 601 602 603 604 605 606 607 608 609 610 611 612 613 614 615 616 617 618 619 620 621 622 623 624 10600 10601 10602 10603 10604 10605 10606 10607 10608 10609 10610 10611 10612 10613 10614 10615 10616 10617 10618 10619 10620 10621 10622 10623 10624 20600 20601 20602 20603 20604 20605 20606 20607 20608 20609 20610 20611 20612 20613 20614 20615 20616 20617 20618 20619 20620 20621 20622 20623 20624 30600 30601 30602 30603 30604 30605 30606 30607 30608 30609 30610 30611 30612 30613 30614 30615 30616 30617 30618 30619 30620 30621 30622 30623 30624 
700 701 702 703 704 705 706 707 708 709 710 711 712 713 714 715 716 717 718 719 720 721 722 723 724 10700 10701 10702 10703 10704 10705 10706 10707 10708 10709 10710 10711 10712 10713 10714 10715 10716 10717 10718 10719 10720 10721 10722 10723 10724 20700 20701 20702 20703 20704 20705 20706 20707 20708 20709 20710 20711 20712 20713 20714 20715 20716 20717 20718 20719 20720 20721 20722 20723 20724 30700 30701 30702 30703 30704 30705 30706 30707 30708 30709 30710 30711 30712 30713 30714 30715 30716 30717 30718 30719 30720 30721 30722 30723 30724 
800 801 802 803 804 805 806 807 808 809 810 811 812 813 814 815 816 817 818 819 820 821 822 823 824 10800 10801 10802 10803 10804 10805 10806 10807 10808 10809 10810 10811 10812 10813 10814 10815 10816 10817 10818 10819 10820 10821 10822 10823 10824 20800 20801 20802 20803 20804 20805 20806 20807 20808 20809 20810 20811 20812 20813 20814 20815 20816 20817 20818 20819 20820 20821 20822 20823 20824 30800 30801 30802 30803 30804 30805 30806 30807 30808 30809 30810 30811 30812 30813 30814 30815 30816 30817 30818 30819 30820 30821 30822 30823 30824 
900 901 902 903 904 905 906 907 908 909 910 911 912 913 914 915 916 917 918 919 920 921 922 923 924 10900 10901 10902 10903 10904 10905 10906 10907 10908 10909 10910 10911 10912 10913 10914 10915 10916 10917 10918 10919 10920 10921 10922 10923 10924 20900 20901 20902 20903 20904 20905 20906 20907 20908 20909 20910 20911 20912 20913 20914 20915 20916 20917 20918 20919 20920 20921 20922 20923 20924 30900 30901 30902 30903 30904 30905 30906 30907 30908 30909 30910 30911 30912 30913 30914 30915 30916 30917 30918 30919 30920 30921 30922 30923 30924 
1000 1001 1002 1003 1004 1005 1006 1007 1008 1009 1010 1011 1012 1013 1014 1015 1016 1017 1018 1019 1020 1021 1022 1023 1024 11000 11001 11002 11003 11004 11005 11006 11007 11008 11009 11010 11011 11012 11013 11014 11015 11016 11017 11018 11019 11020 11021 11022 11023 11024 21000 21001 21002 21003 21004 21005 21006 21007 21008 21009 21010 21011 21012 21013 21014 21015 21016 21017 21018 21019 21020 21021 21022 21023 21024 31000 31001 31002 31003 31004 31005 31006 31007 31008 31009 31010 31011 31012 31013 31014 31015 31016 31017 31018 31019 31020 31021 31022 31023 31024 
1100 1101 1102 1103 1104 1105 1106 1107 1108 1109 1110 1111 1112 1113 1114 1115 1116 1117 1118 1119 1120 1121 1122 1123 1124 11100 11101 11102 11103 11104 11105 11106 11107 11108 11109 11110 11111 11112 11113 11114 11115 11116 11117 11118 11119 11120 11121 11122 11123 11124 21100 21101 21102 21103 21104 21105 21106 21107 21108 21109 21110 21111 21112 21113 21114 21115 21116 21117 21118 21119 21120 21121 21122 21123 21124 31100 31101 31102 31103 31104 31105 31106 31107 31108 31109 31110 31111 31112 31113 31114 31115 31116 31117 31118 31119 31120 31121 31122 31123 31124 
1200 1201 1202 1203 1204 1205 1206 1207 1208 1209 1210 1211 1212 1213 1214 1215 1216 1217 1218 1219 1220 1221 1222 1223 1224 11200 11201 11202 11203 11204 11205 11206 11207 11208 11209 11210 11211 11212 11213 11214 11215 11216 11217 11218 11219 11220 11221 11222 11223 11224 21200 21201 21202 21203 21204 21205 21206 21207 21208 21209 21210 21211 21212 21213 21214 21215 21216 21217 21218 21219 21220 21221 21222 21223 21224 31200 31201 31202 31203 31204 31205 31206 31207 31208 31209 31210 31211 31212 31213 31214 31215 31216 31217 31218 31219 31220 31221 31222 31223 31224 
1300 1301 1302 1303 1304 1305 1306 1307 1308 1309 1310 1311 1312 1313 1314 1315 1316 1317 1318 1319 1320 1321 1322 1323 1324 11300 11301 11302 11303 11304 11305 11306 11307 11308 11309 11310 11311 11312 11313 11314 11315 11316 11317 11318 11319 11320 11321 11322 11323 11324 21300 21301 21302 21303 21304 21305 21306 21307 21308 21309 21310 21311 21312 21313 21314 21315 21316 21317 21318 21319 21320 21321 21322 21323 21324 31300 31301 31302 31303 31304 31305 31306 31307 31308 31309 31310 31311 31312 31313 31314 31315 31316 31317 31318 31319 31320 31321 31322 31323 31324 
1400 1401 1402 1403 1404 1405 1406 1407 1408 1409 1410 1411 1412 1413 1414 1415 1416 1417 1418 1419 1420 1421 1422 1423 1424 11400 11401 11402 11403 11404 11405 11406 11407 11408 11409 11410 11411 11412 11413 11414 11415 11416 11417 11418 11419 11420 11421 11422 11423 11424 21400 21401 21402 21403 21404 21405 21406 21407 21408 21409 21410 21411 21412 21413 21414 21415 21416 21417 21418 21419 21420 21421 21422 21423 21424 31400 31401 31402 31403 31404 31405 31406 31407 31408 31409 31410 31411 31412 31413 31414 31415 31416 31417 31418 31419 31420 31421 31422 31423 31424 
1500 1501 1502 1503 1504 1505 1506 1507 1508 1509 1510 1511 1512 1513 1514 1515 1516 1517 1518 1519 1520 1521 1522 1523 1524 11500 11501 11502 11503 11504 11505 11506 11507 11508 11509 11510 11511 11512 11513 11514 11515 11516 11517 11518 11519 11520 11521 11522 11523 11524 21500 21501 21502 21503 21504 21505 21506 21507 21508 21509 21510 21511 21512 21513 21514 21515 21516 21517 21518 21519 21520 21521 21522 21523 21524 31500 31501 31502 31503 31504 31505 31506 31507 31508 31509 31510 31511 31512 31513 31514 31515 31516 31517 31518 31519 31520 31521 31522 31523 31524 
1600 1601 1602 1603 1604 1605 1606 1607 1608 1609 1610 1611 1612 1613 1614 1615 1616 1617 1618 1619 1620 1621 1622 1623 1624 11600 11601 11602 11603 11604 11605 11606 11607 11608 11609 11610 11611 11612 11613 11614 11615 11616 11617 11618 11619 11620 11621 11622 11623 11624 21600 21601 21602 21603 21604 21605 21606 21607 21608 21609 21610 21611 21612 21613 21614 21615 21616 21617 21618 21619 21620 21621 21622 21623 21624 31600 31601 31602 31603 31604 31605 31606 31607 31608 31609 31610 31611 31612 31613 31614 31615 31616 31617 31618 31619 31620 31621 31622 31623 31624 
1700 1701 1702 1703 1704 1705 1706 1707 1708 1709 1710 1711 1712 1713 1714 1715 1716 1717 1718 1719 1720 1721 1722 1723 1724 11700 11701 11702 11703 11704 11705 11706 11707 11708 11709 11710 11711 11712 11713 11714 11715 11716 11717 11718 11719 11720 11721 11722 11723 11724 21700 21701 21702 21703 21704 21705 21706 21707 21708 21709 21710 21711 21712 21713 21714 21715 21716 21717 21718 21719 21720 21721 21722 21723 21724 31700 31701 31702 31703 31704 31705 31706 31707 31708 31709 31710 31711 31712 31713 31714 31715 31716 31717 31718 31719 31720 31721 31722 31723 31724 
1800 1801 1802 1803 1804 1805 1806 1807 1808 1809 1810 1811 1812 1813 1814 1815 1816 1817 1818 1819 1820 1821 1822 1823 1824 11800 11801 11802 11803 11804 11805 11806 11807 11808 11809 11810 11811 11812 11813 11814 11815 11816 11817 11818 11819 11820 11821 11822 11823 11824 21800 21801 21802 21803 21804 21805 21806 21807 21808 21809 21810 21811 21812 21813 21814 21815 21816 21817 21818 21819 21820 21821 21822 21823 21824 31800 31801 31802 31803 31804 31805 31806 31807 31808 31809 31810 31811 31812 31813 31814 31815 31816 31817 31818 31819 31820 31821 31822 31823 31824 
1900 1901 1902 1903 1904 1905 1906 1907 1908 1909 1910 1911 1912 1913 1914 1915 1916 1917 1918 1919 1920 1921 1922 1923 1924 11900 11901 11902 11903 11904 11905 11906 11907 11908 11909 11910 11911 11912 11913 11914 11915 11916 11917 11918 11919 11920 11921 11922 11923 11924 21900 21901 21902 21903 21904 21905 21906 21907 21908 21909 21910 21911 21912 21913 21914 21915 21916 21917 21918 21919 21920 21921 21922 21923 21924 31900 31901 31902 31903 31904 31905 31906 31907 31908 31909 31910 31911 31912 31913 31914 31915 31916 31917 31918 31919 31920 31921 31922 31923 31924 
2000 2001 2002 2003 2004 2005 2006 2007 2008 2009 2010 2011 2012 2013 2014 2015 2016 2017 2018 2019 2020 2021 2022 2023 2024 12000 12001 12002 12003 12004 12005 12006 12007 12008 12009 12010 12011 12012 12013 12014 12015 12016 12017 12018 12019 12020 12021 12022 12023 12024 22000 22001 22002 22003 22004 22005 22006 22007 22008 22009 22010 22011 22012 22013 22014 22015 22016 22017 22018 22019 22020 22021 22022 22023 22024 32000 32001 32002 32003 32004 32005 32006 32007 32008 32009 32010 32011 32012 32013 32014 32015 32016 32017 32018 32019 32020 32021 32022 32023 32024 
2100 2101 2102 2103 2104 2105 2106 2107 2108 2109 2110 2111 2112 2113 2114 2115 2116 2117 2118 2119 2120 2121 2122 2123 2124 12100 12101 12102 12103 12104 12105 12106 12107 12108 12109 12110 12111 12112 12113 12114 12115 12116 12117 12118 12119 12120 12121 12122 12123 12124 22100 22101 22102 22103 22104 22105 22106 22107 22108 22109 22110 22111 22112 22113 22114 22115 22116 22117 22118 22119 22120 22121 22122 22123 22124 32100 32101 32102 32103 32104 32105 32106 32107 32108 32109 32110 32111 32112 32113 32114 32115 32116 32117 32118 32119 32120 32121 32122 32123 32124 
2200 2201 2202 2203 2204 2205 2206 2207 2208 2209 2210 2211 2212 2213 2214 2215 2216 2217 2218 2219 2220 2221 2222 2223 2224 12200 12201 12202 12203 12204 12205 12206 12207 12208 12209 12210 12211 12212 12213 12214 12215 12216 12217 12218 12219 12220 12221 12222 12223 12224 22200 22201 22202 22203 22204 22205 22206 22207 22208 22209 22210 22211 22212 22213 22214 22215 22216 22217 22218 22219 22220 22221 22222 22223 22224 32200 32201 32202 32203 32204 32205 32206 32207 32208 32209 32210 32211 32212 32213 32214 32215 32216 32217 32218 32219 32220 32221 32222 32223 32224 
2300 2301 2302 2303 2304 2305 2306 2307 2308 2309 2310 2311 2312 2313 2314 2315 2316 2317 2318 2319 2320 2321 2322 2323 2324 12300 12301 12302 12303 12304 12305 12306 12307 12308 12309 12310 12311 12312 12313 12314 12315 12316 12317 12318 12319 12320 12321 12322 12323 12324 22300 22301 22302 22303 22304 22305 22306 22307 22308 22309 22310 22311 22312 22313 22314 22315 22316 22317 22318 22319 22320 22321 22322 22323 22324 32300 32301 32302 32303 32304 32305 32306 32307 32308 32309 32310 32311 32312 32313 32314 32315 32316 32317 32318 32319 32320 32321 32322 32323 32324 
2400 2401 2402 2403 2404 2405 2406 2407 2408 2409 2410 2411 2412 2413 2414 2415 2416 2417 2418 2419 2420 2421 2422 2423 2424 12400 12401 12402 12403 12404 12405 12406 12407 12408 12409 12410 12411 12412 12413 12414 12415 12416 12417 12418 12419 12420 12421 12422 12423 12424 22400 22401 22402 22403 22404 22405 22406 22407 22408 22409 22410 22411 22412 22413 22414 22415 22416 22417 22418 22419 22420 22421 22422 22423 22424 32400 32401 32402 32403 32404 32405 32406 32407 32408 32409 32410 32411 32412 32413 32414 32415 32416 32417 32418 32419 32420 32421 32422 32423 32424 
1000000 1000001 1000002 1000003 1000004 1000005 1000006 1000007 1000008 1000009 1000010 1000011 1000012 1000013 1000014 1000015 1000016 1000017 1000018 1000019 1000020 1000021 1000022 1000023 1000024 1010000 1010001 1010002 1010003 1010004 1010005 1010006 1010007 1010008 1010009 1010010 1010011 1010012 1010013 1010014 1010015 1010016 1010017 1010018 1010019 1010020 1010021 1010022 1010023 1010024 1020000 1020001 1020002 1020003 1020004 1020005 1020006 1020007 1020008 1020009 1020010 1020011 1020012 1020013 1020014 1020015 1020016 1020017 1020018 1020019 1020020 1020021 1020022 1020023 1020024 1030000 1030001 1030002 1030003 1030004 1030005 1030006 1030007 1030008 1030009 1030010 1030011 1030012 1030013 1030014 1030015 1030016 1030017 1030018 1030019 1030020 1030021 1030022 1030023 1030024 
1000100 1000101 1000102 1000103 1000104 1000105 1000106 1000107 1000108 1000109 1000110 1000111 1000112 1000113 1000114 1000115 1000116 1000117 1000118 1000119 1000120 1000121 1000122 1000123 1000124 1010100 1010101 1010102 1010103 1010104 1010105 1010106 1010107 1010108 1010109 1010110 1010111 1010112 1010113 1010114 1010115 1010116 1010117 1010118 1010119 1010120 1010121 1010122 1010123 1010124 1020100 1020101 1020102 1020103 1020104 1020105 1020106 1020107 1020108 1020109 1020110 1020111 1020112 1020113 1020114 1020115 1020116 1020117 1020118 1020119 1020120 1020121 1020122 1020123 1020124 1030100 1030101 1030102 1030103 1030104 1030105 1030106 1030107 1030108 1030109 1030110 1030111 1030112 1030113 1030114 1030115 1030116 1030117 1030118 1030119 1030120 1030121 1030122 1030123 1030124 
1000200 1000201 1000202 1000203 1000204 1000205 1000206 1000207 1000208 1000209 1000210 1000211 1000212 1000213 1000214 1000215 1000216 1000217 1000218 1000219 1000220 1000221 1000222 1000223 1000224 1010200 1010201 1010202 1010203 1010204 1010205 1010206 1010207 1010208 1010209 1010210 1010211 1010212 1010213 1010214 1010215 1010216 1010217 1010218 1010219 1010220 1010221 1010222 1010223 1010224 1020200 1020201 1020202 1020203 1020204 1020205 1020206 1020207 1020208 1020209 1020210 1020211 1020212 1020213 1020214 1020215 1020216 1020217 1020218 1020219 1020220 1020221 1020222 1020223 1020224 1030200 1030201 1030202 1030203 1030204 1030205 1030206 1030207 1030208 1030209 1030210 1030211 1030212 1030213 1030214 1030215 1030216 1030217 1030218 1030219 1030220 1030221 1030222 1030223 1030224 
1000300 1000301 1000302 1000303 1000304 1000305 1000306 1000307 1000308 1000309 1000310 1000311 1000312 1000313 1000314 1000315 1000316 1000317 1000318 1000319 1000320 1000321 1000322 1000323 1000324 1010300 1010301 1010302 1010303 1010304 1010305 1010306 1010307 1010308 1010309 1010310 1010311 1010312 1010313 1010314 1010315 1010316 1010317 1010318 1010319 1010320 1010321 1010322 1010323 1010324 1020300 1020301 1020302 1020303 1020304 1020305 1020306 1020307 1020308 1020309 1020310 1020311 1020312 1020313 1020314 1020315 1020316 1020317 1020318 1020319 1020320 1020321 1020322 1020323 1020324 1030300 1030301 1030302 1030303 1030304 1030305 1030306 1030307 1030308 1030309 1030310 1030311 1030312 1030313 1030314 1030315 1030316 1030317 1030318 1030319 1030320 1030321 1030322 1030323 1030324 
1000400 1000401 1000402 1000403 1000404 1000405 1000406 1000407 1000408 1000409 1000410 1000411 1000412 1000413 1000414 1000415 1000416 1000417 1000418 1000419 1000420 1000421 1000422 1000423 1000424 1010400 1010401 1010402 1010403 1010404 1010405 1010406 1010407 1010408 1010409 1010410 1010411 1010412 1010413 1010414 1010415 1010416 1010417 1010418 1010419 1010420 1010421 1010422 1010423 1010424 1020400 1020401 1020402 1020403 1020404 1020405 1020406 1020407 1020408 1020409 1020410 1020411 1020412 1020413 1020414 1020415 1020416 1020417 1020418 1020419 1020420 1020421 1020422 1020423 1020424 1030400 1030401 1030402 1030403 1030404 1030405 1030406 1030407 1030408 1030409 1030410 1030411 1030412 1030413 1030414 1030415 1030416 1030417 1030418 1030419 1030420 1030421 1030422 1030423 1030424 
1000500 1000501 1000502 1000503 1000504 1000505 1000506 1000507 1000508 1000509 1000510 1000511 1000512 1000513 1000514 1000515 1000516 1000517 1000518 1000519 1000520 1000521 1000522 1000523 1000524 1010500 1010501 1010502 1010503 1010504 1010505 1010506 1010507 1010508 1010509 1010510 1010511 1010512 1010513 1010514 1010515 1010516 1010517 1010518 1010519 1010520 1010521 1010522 1010523 1010524 1020500 1020501 1020502 1020503 1020504 1020505 1020506 1020507 1020508 1020509 1020510 1020511 1020512 1020513 1020514 1020515 1020516 1020517 1020518 1020519 1020520 1020521 1020522 1020523 1020524 1030500 1030501 1030502 1030503 1030504 1030505 1030506 1030507 1030508 1030509 1030510 1030511 1030512 1030513 1030514 1030515 1030516 1030517 1030518 1030519 1030520 1030521 1030522 1030523 1030524 
1000600 1000601 1000602 1000603 1000604 1000605 1000606 1000607 1000608 1000609 1000610 1000611 1000612 1000613 1000614 1000615 1000616 1000617 1000618 1000619 1000620 1000621 1000622 1000623 1000624 1010600 1010601 1010602 1010603 1010604 1010605 1010606 1010607 1010608 1010609 1010610 1010611 1010612 1010613 1010614 1010615 1010616 1010617 1010618 1010619 1010620 1010621 1010622 1010623 1010624 1020600 1020601 1020602 1020603 1020604 1020605 1020606 1020607 1020608 1020609 1020610 1020611 1020612 1020613 1020614 1020615 1020616 1020617 1020618 1020619 1020620 1020621 1020622 1020623 1020624 1030600 1030601 1030602 1030603 1030604 1030605 1030606 1030607 1030608 1030609 1030610 1030611 1030612 1030613 1030614 1030615 1030616 1030617 1030618 1030619 1030620 1030621 1030622 1030623 1030624 
1000700 1000701 1000702 1000703 1000704 1000705 1000706 1000707 1000708 1000709 1000710 1000711 1000712 1000713 1000714 1000715 1000716 1000717 1000718 1000719 1000720 1000721 1000722 1000723 1000724 1010700 1010701 1010702 1010703 1010704 1010705 1010706 1010707 1010708 1010709 1010710 1010711 1010712 1010713 1010714 1010715 1010716 1010717 1010718 1010719 1010720 1010721 1010722 1010723 1010724 1020700 1020701 1020702 1020703 1020704 1020705 1020706 1020707 1020708 1020709 1020710 1020711 1020712 1020713 1020714 1020715 1020716 1020717 1020718 1020719 1020720 1020721 1020722 1020723 1020724 1030700 1030701 1030702 1030703 1030704 1030705 1030706 1030707 1030708 1030709 1030710 1030711 1030712 1030713 1030714 1030715 1030716 1030717 1030718 1030719 1030720 1030721 1030722 1030723 1030724 
1000800 1000801 1000802 1000803 1000804 1000805 1000806 1000807 1000808 1000809 1000810 1000811 1000812 1000813 1000814 1000815 1000816 1000817 1000818 1000819 1000820 1000821 1000822 1000823 1000824 1010800 1010801 1010802 1010803 1010804 1010805 1010806 1010807 1010808 1010809 1010810 1010811 1010812 1010813 1010814 1010815 1010816 1010817 1010818 1010819 1010820 1010821 1010822 1010823 1010824 1020800 1020801 1020802 1020803 1020804 1020805 1020806 1020807 1020808 1020809 1020810 1020811 1020812 1020813 1020814 1020815 1020816 1020817 1020818 1020819 1020820 1020821 1020822 1020823 1020824 1030800 1030801 1030802 1030803 1030804 1030805 1030806 1030807 1030808 1030809 1030810 1030811 1030812 1030813 1030814 1030815 1030816 1030817 1030818 1030819 1030820 1030821 1030822 1030823 1030824 
1000900 1000901 1000902 1000903 1000904 1000905 1000906 1000907 1000908 1000909 1000910 1000911 1000912 1000913 1000914 1000915 1000916 1000917 1000918 1000919 1000920 1000921 1000922 1000923 1000924 1010900 1010901 1010902 1010903 1010904 1010905 1010906 1010907 1010908 1010909 1010910 1010911 1010912 1010913 1010914 1010915 1010916 1010917 1010918 1010919 1010920 1010921 1010922 1010923 1010924 1020900 1020901 1020902 1020903 1020904 1020905 1020906 1020907 1020908 1020909 1020910 1020911 1020912 1020913 1020914 1020915 1020916 1020917 1020918 1020919 1020920 1020921 1020922 1020923 1020924 1030900 1030901 1030902 1030903 1030904 1030905 1030906 1030907 1030908 1030909 1030910 1030911 1030912 1030913 1030914 1030915 1030916 1030917 1030918 1030919 1030920 1030921 1030922 1030923 1030924 
1001000 1001001 1001002 1001003 1001004 1001005 1001006 1001007 1001008 1001009 1001010 1001011 1001012 1001013 1001014 1001015 1001016 1001017 1001018 1001019 1001020 1001021 1001022 1001023 1001024 1011000 1011001 1011002 1011003 1011004 1011005 1011006 1011007 1011008 1011009 1011010 1011011 1011012 1011013 1011014 1011015 1011016 1011017 1011018 1011019 1011020 1011021 1011022 1011023 1011024 1021000 1021001 1021002 1021003 1021004 1021005 1021006 1021007 1021008 1021009 1021010 1021011 1021012 1021013 1021014 1021015 1021016 1021017 1021018 1021019 1021020 1021021 1021022 1021023 1021024 1031000 1031001 1031002 1031003 1031004 1031005 1031006 1031007 1031008 1031009 1031010 1031011 1031012 1031013 1031014 1031015 1031016 1031017 1031018 1031019 1031020 1031021 1031022 1031023 1031024 
1001100 1001101 1001102 1001103 1001104 1001105 1001106 1001107 1001108 1001109 1001110 1001111 1001112 1001113 1001114 1001115 1001116 1001117 1001118 1001119 1001120 1001121 1001122 1001123 1001124 1011100 1011101 1011102 1011103 1011104 1011105 1011106 1011107 1011108 1011109 1011110 1011111 1011112 1011113 1011114 1011115 1011116 1011117 1011118 1011119 1011120 1011121 1011122 1011123 1011124 1021100 1021101 1021102 1021103 1021104 1021105 1021106 1021107 1021108 1021109 1021110 1021111 1021112 1021113 1021114 1021115 1021116 1021117 1021118 1021119 1021120 1021121 1021122 1021123 1021124 1031100 1031101 1031102 1031103 1031104 1031105 1031106 1031107 1031108 1031109 1031110 1031111 1031112 1031113 1031114 1031115 1031116 1031117 1031118 1031119 1031120 1031121 1031122 1031123 1031124 
1001200 1001201 1001202 1001203 1001204 1001205 1001206 1001207 1001208 1001209 1001210 1001211 1001212 1001213 1001214 1001215 1001216 1001217 1001218 1001219 1001220 1001221 1001222 1001223 1001224 1011200 1011201 1011202 1011203 1011204 1011205 1011206 1011207 1011208 1011209 1011210 1011211 1011212 1011213 1011214 1011215 1011216 1011217 1011218 1011219 1011220 1011221 1011222 1011223 1011224 1021200 1021201 1021202 1021203 1021204 1021205 1021206 1021207 1021208 1021209 1021210 1021211 1021212 1021213 1021214 1021215 1021216 1021217 1021218 1021219 1021220 1021221 1021222 1021223 1021224 1031200 1031201 1031202 1031203 1031204 1031205 1031206 1031207 1031208 1031209 1031210 1031211 1031212 1031213 1031214 1031215 1031216 1031217 1031218 1031219 1031220 1031221 1031222 1031223 1031224 
1001300 1001301 1001302 1001303 1001304 1001305 1001306 1001307 1001308 1001309 1001310 1001311 1001312 1001313 1001314 1001315 1001316 1001317 1001318 1001319 1001320 1001321 1001322 1001323 1001324 1011300 1011301 1011302 1011303 1011304 1011305 1011306 1011307 1011308 1011309 1011310 1011311 1011312 1011313 1011314 1011315 1011316 1011317 1011318 1011319 1011320 1011321 1011322 1011323 1011324 1021300 1021301 1021302 1021303 1021304 1021305 1021306 1021307 1021308 1021309 1021310 1021311 1021312 1021313 1021314 1021315 1021316 1021317 1021318 1021319 1021320 1021321 1021322 1021323 1021324 1031300 1031301 1031302 1031303 1031304 1031305 1031306 1031307 1031308 1031309 1031310 1031311 1031312 1031313 1031314 1031315 1031316 1031317 1031318 1031319 1031320 1031321 1031322 1031323 1031324 
1001400 1001401 1001402 1001403 1001404 1001405 1001406 1001407 1001408 1001409 1001410 1001411 1001412 1001413 1001414 1001415 1001416 1001417 1001418 1001419 1001420 1001421 1001422 1001423 1001424 1011400 1011401 1011402 1011403 1011404 1011405 1011406 1011407 1011408 1011409 1011410 1011411 1011412 1011413 1011414 1011415 1011416 1011417 1011418 1011419 1011420 1011421 1011422 1011423 1011424 1021400 1021401 1021402 1021403 1021404 1021405 1021406 1021407 1021408 1021409 1021410 1021411 1021412 1021413 1021414 1021415 1021416 1021417 1021418 1021419 1021420 1021421 1021422 1021423 1021424 1031400 1031401 1031402 1031403 1031404 1031405 1031406 1031407 1031408 1031409 1031410 1031411 1031412 1031413 1031414 1031415 1031416 1031417 1031418 1031419 1031420 1031421 1031422 1031423 1031424 
1001500 1001501 1001502 1001503 1001504 1001505 1001506 1001507 1001508 1001509 1001510 1001511 1001512 1001513 1001514 1001515 1001516 1001517 1001518 1001519 1001520 1001521 1001522 1001523 1001524 1011500 1011501 1011502 1011503 1011504 1011505 1011506 1011507 1011508 1011509 1011510 1011511 1011512 1011513 1011514 1011515 1011516 1011517 1011518 1011519 1011520 1011521 1011522 1011523 1011524 1021500 1021501 1021502 1021503 1021504 1021505 1021506 1021507 1021508 1021509 1021510 1021511 1021512 1021513 1021514 1021515 1021516 1021517 1021518 1021519 1021520 1021521 1021522 1021523 1021524 1031500 1031501 1031502 1031503 1031504 1031505 1031506 1031507 1031508 1031509 1031510 1031511 1031512 1031513 1031514 1031515 1031516 1031517 1031518 1031519 1031520 1031521 1031522 1031523 1031524 
1001600 1001601 1001602 1001603 1001604 1001605 1001606 1001607 1001608 1001609 1001610 1001611 1001612 1001613 1001614 1001615 1001616 1001617 1001618 1001619 1001620 1001621 1001622 1001623 1001624 1011600 1011601 1011602 1011603 1011604 1011605 1011606 1011607 1011608 1011609 1011610 1011611 1011612 1011613 1011614 1011615 1011616 1011617 1011618 1011619 1011620 1011621 1011622 1011623 1011624 1021600 1021601 1021602 1021603 1021604 1021605 1021606 1021607 1021608 1021609 1021610 1021611 1021612 1021613 1021614 1021615 1021616 1021617 1021618 1021619 1021620 1021621 1021622 1021623 1021624 1031600 1031601 1031602 1031603 1031604 1031605 1031606 1031607 1031608 1031609 1031610 1031611 1031612 1031613 1031614 1031615 1031616 1031617 1031618 1031619 1031620 1031621 1031622 1031623 1031624 
1001700 1001701 1001702 1001703 1001704 1001705 1001706 1001707 1001708 1001709 1001710 1001711 1001712 1001713 1001714 1001715 1001716 1001717 1001718 1001719 1001720 1001721 1001722 1001723 1001724 1011700 1011701 1011702 1011703 1011704 1011705 1011706 1011707 1011708 1011709 1011710 1011711 1011712 1011713 1011714 1011715 1011716 1011717 1011718 1011719 1011720 1011721 1011722 1011723 1011724 1021700 1021701 1021702 1021703 1021704 1021705 1021706 1021707 1021708 1021709 1021710 1021711 1021712 1021713 1021714 1021715 1021716 1021717 1021718 1021719 1021720 1021721 1021722 1021723 1021724 1031700 1031701 1031702 1031703 1031704 1031705 1031706 1031707 1031708 1031709 1031710 1031711 1031712 1031713 1031714 1031715 1031716 1031717 1031718 1031719 1031720 1031721 1031722 1031723 1031724 
1001800 1001801 1001802 1001803 1001804 1001805 1001806 1001807 1001808 1001809 1001810 1001811 1001812 1001813 1001814 1001815 1001816 1001817 1001818 1001819 1001820 1001821 1001822 1001823 1001824 1011800 1011801 1011802 1011803 1011804 1011805 1011806 1011807 1011808 1011809 1011810 1011811 1011812 1011813 1011814 1011815 1011816 1011817 1011818 1011819 1011820 1011821 1011822 1011823 1011824 1021800 1021801 1021802 1021803 1021804 1021805 1021806 1021807 1021808 1021809 1021810 1021811 1021812 1021813 1021814 1021815 1021816 1021817 1021818 1021819 1021820 1021821 1021822 1021823 1021824 1031800 1031801 1031802 1031803 1031804 1031805 1031806 1031807 1031808 1031809 1031810 1031811 1031812 1031813 1031814 1031815 1031816 1031817 1031818 1031819 1031820 1031821 1031822 1031823 1031824 
1001900 1001901 1001902 1001903 1001904 1001905 1001906 1001907 1001908 1001909 1001910 1001911 1001912 1001913 1001914 1001915 1001916 1001917 1001918 1001919 1001920 1001921 1001922 1001923 1001924 1011900 1011901 1011902 1011903 1011904 1011905 1011906 1011907 1011908 1011909 1011910 1011911 1011912 1011913 1011914 1011915 1011916 1011917 1011918 1011919 1011920 1011921 1011922 1011923 1011924 1021900 1021901 1021902 1021903 1021904 1021905 1021906 1021907 1021908 1021909 1021910 1021911 1021912 1021913 1021914 1021915 1021916 1021917 1021918 1021919 1021920 1021921 1021922 1021923 1021924 1031900 1031901 1031902 1031903 1031904 1031905 1031906 1031907 1031908 1031909 1031910 1031911 1031912 1031913 1031914 1031915 1031916 1031917 1031918 1031919 1031920 1031921 1031922 1031923 1031924 
1002000 1002001 1002002 1002003 1002004 1002005 1002006 1002007 1002008 1002009 1002010 1002011 1002012 1002013 1002014 1002015 1002016 1002017 1002018 1002019 1002020 1002021 1002022 1002023 1002024 1012000 1012001 1012002 1012003 1012004 1012005 1012006 1012007 1012008 1012009 1012010 1012011 1012012 1012013 1012014 1012015 1012016 1012017 1012018 1012019 1012020 1012021 1012022 1012023 1012024 1022000 1022001 1022002 1022003 1022004 1022005 1022006 1022007 1022008 1022009 1022010 1022011 1022012 1022013 1022014 1022015 1022016 1022017 1022018 1022019 1022020 1022021 1022022 1022023 1022024 1032000 1032001 1032002 1032003 1032004 1032005 1032006 1032007 1032008 1032009 1032010 1032011 1032012 1032013 1032014 1032015 1032016 1032017 1032018 1032019 1032020 1032021 1032022 1032023 1032024 
1002100 1002101 1002102 1002103 1002104 1002105 1002106 1002107 1002108 1002109 1002110 1002111 1002112 1002113 1002114 1002115 1002116 1002117 1002118 1002119 1002120 1002121 1002122 1002123 1002124 1012100 1012101 1012102 1012103 1012104 1012105 1012106 1012107 1012108 1012109 1012110 1012111 1012112 1012113 1012114 1012115 1012116 1012117 1012118 1012119 1012120 1012121 1012122 1012123 1012124 1022100 1022101 1022102 1022103 1022104 1022105 1022106 1022107 1022108 1022109 1022110 1022111 1022112 1022113 1022114 1022115 1022116 1022117 1022118 1022119 1022120 1022121 1022122 1022123 1022124 1032100 1032101 1032102 1032103 1032104 1032105 1032106 1032107 1032108 1032109 1032110 1032111 1032112 1032113 1032114 1032115 1032116 1032117 1032118 1032119 1032120 1032121 1032122 1032123 1032124 
1002200 1002201 1002202 1002203 1002204 1002205 1002206 1002207 1002208 1002209 1002210 1002211 1002212 1002213 1002214 1002215 1002216 1002217 1002218 1002219 1002220 1002221 1002222 1002223 1002224 1012200 1012201 1012202 1012203 1012204 1012205 1012206 1012207 1012208 1012209 1012210 1012211 1012212 1012213 1012214 1012215 1012216 1012217 1012218 1012219 1012220 1012221 1012222 1012223 1012224 1022200 1022201 1022202 1022203 1022204 1022205 1022206 1022207 1022208 1022209 1022210 1022211 1022212 1022213 1022214 1022215 1022216 1022217 1022218 1022219 1022220 1022221 1022222 1022223 1022224 1032200 1032201 1032202 1032203 1032204 1032205 1032206 1032207 1032208 1032209 1032210 1032211 1032212 1032213 1032214 1032215 1032216 1032217 1032218 1032219 1032220 1032221 1032222 1032223 1032224 
1002300 1002301 1002302 1002303 1002304 1002305 1002306 1002307 1002308 1002309 1002310 1002311 1002312 1002313 1002314 1002315 1002316 1002317 1002318 1002319 1002320 1002321 1002322 1002323 1002324 1012300 1012301 1012302 1012303 1012304 1012305 1012306 1012307 1012308 1012309 1012310 1012311 1012312 1012313 1012314 1012315 1012316 1012317 1012318 1012319 1012320 1012321 1012322 1012323 1012324 1022300 1022301 1022302 1022303 1022304 1022305 1022306 1022307 1022308 1022309 1022310 1022311 1022312 1022313 1022314 1022315 1022316 1022317 1022318 1022319 1022320 1022321 1022322 1022323 1022324 1032300 1032301 1032302 1032303 1032304 1032305 1032306 1032307 1032308 1032309 1032310 1032311 1032312 1032313 1032314 1032315 1032316 1032317 1032318 1032319 1032320 1032321 1032322 1032323 1032324 
1002400 1002401 1002402 1002403 1002404 1002405 1002406 1002407 1002408 1002409 1002410 1002411 1002412 1002413 1002414 1002415 1002416 1002417 1002418 1002419 1002420 1002421 1002422 1002423 1002424 1012400 1012401 1012402 1012403 1012404 1012405 1012406 1012407 1012408 1012409 1012410 1012411 1012412 1012413 1012414 1012415 1012416 1012417 1012418 1012419 1012420 1012421 1012422 1012423 1012424 1022400 1022401 1022402 1022403 1022404 1022405 1022406 1022407 1022408 1022409 1022410 1022411 1022412 1022413 1022414 1022415 1022416 1022417 1022418 1022419 1022420 1022421 1022422 1022423 1022424 1032400 1032401 1032402 1032403 1032404 1032405 1032406 1032407 1032408 1032409 1032410 1032411 1032412 1032413 1032414 1032415 1032416 1032417 1032418 1032419 1032420 1032421 1032422 1032423 1032424 
2000000 2000001 2000002 2000003 2000004 2000005 2000006 2000007 2000008 2000009 2000010 2000011 2000012 2000013 2000014 2000015 2000016 2000017 2000018 2000019 2000020 2000021 2000022 2000023 2000024 2010000 2010001 2010002 2010003 2010004 2010005 2010006 2010007 2010008 2010009 2010010 2010011 2010012 2010013 2010014 2010015 2010016 2010017 2010018 2010019 2010020 2010021 2010022 2010023 2010024 2020000 2020001 2020002 2020003 2020004 2020005 2020006 2020007 2020008 2020009 2020010 2020011 2020012 2020013 2020014 2020015 2020016 2020017 2020018 2020019 2020020 2020021 2020022 2020023 2020024 2030000 2030001 2030002 2030003 2030004 2030005 2030006 2030007 2030008 2030009 2030010 2030011 2030012 2030013 2030014 2030015 2030016 2030017 2030018 2030019 2030020 2030021 2030022 2030023 2030024 
2000100 2000101 2000102 2000103 2000104 2000105 2000106 2000107 2000108 2000109 2000110 2000111 2000112 2000113 2000114 2000115 2000116 2000117 2000118 2000119 2000120 2000121 2000122 2000123 2000124 2010100 2010101 2010102 2010103 2010104 2010105 2010106 2010107 2010108 2010109 2010110 2010111 2010112 2010113 2010114 2010115 2010116 2010117 2010118 2010119 2010120 2010121 2010122 2010123 2010124 2020100 2020101 2020102 2020103 2020104 2020105 2020106 2020107 2020108 2020109 2020110 2020111 2020112 2020113 2020114 2020115 2020116 2020117 2020118 2020119 2020120 2020121 2020122 2020123 2020124 2030100 2030101 2030102 2030103 2030104 2030105 2030106 2030107 2030108 2030109 2030110 2030111 2030112 2030113 2030114 2030115 2030116 2030117 2030118 2030119 2030120 2030121 2030122 2030123 2030124 
2000200 2000201 2000202 2000203 2000204 2000205 2000206 2000207 2000208 2000209 2000210 2000211 2000212 2000213 2000214 2000215 2000216 2000217 2000218 2000219 2000220 2000221 2000222 2000223 2000224 2010200 2010201 2010202 2010203 2010204 2010205 2010206 2010207 2010208 2010209 2010210 2010211 2010212 2010213 2010214 2010215 2010216 2010217 2010218 2010219 2010220 2010221 2010222 2010223 2010224 2020200 2020201 2020202 2020203 2020204 2020205 2020206 2020207 2020208 2020209 2020210 2020211 2020212 2020213 2020214 2020215 2020216 2020217 2020218 2020219 2020220 2020221 2020222 2020223 2020224 2030200 2030201 2030202 2030203 2030204 2030205 2030206 2030207 2030208 2030209 2030210 2030211 2030212 2030213 2030214 2030215 2030216 2030217 2030218 2030219 2030220 2030221 2030222 2030223 2030224 
2000300 2000301 2000302 2000303 2000304 2000305 2000306 2000307 2000308 2000309 2000310 2000311 2000312 2000313 2000314 2000315 2000316 2000317 2000318 2000319 2000320 2000321 2000322 2000323 2000324 2010300 2010301 2010302 2010303 2010304 2010305 2010306 2010307 2010308 2010309 2010310 2010311 2010312 2010313 2010314 2010315 2010316 2010317 2010318 2010319 2010320 2010321 2010322 2010323 2010324 2020300 2020301 2020302 2020303 2020304 2020305 2020306 2020307 2020308 2020309 2020310 2020311 2020312 2020313 2020314 2020315 2020316 2020317 2020318 2020319 2020320 2020321 2020322 2020323 2020324 2030300 2030301 2030302 2030303 2030304 2030305 2030306 2030307 2030308 2030309 2030310 2030311 2030312 2030313 2030314 2030315 2030316 2030317 2030318 2030319 2030320 2030321 2030322 2030323 2030324 
2000400 2000401 2000402 2000403 2000404 2000405 2000406 2000407 2000408 2000409 2000410 2000411 2000412 2000413 2000414 2000415 2000416 2000417 2000418 2000419 2000420 2000421 2000422 2000423 2000424 2010400 2010401 2010402 2010403 2010404 2010405 2010406 2010407 2010408 2010409 2010410 2010411 2010412 2010413 2010414 2010415 2010416 2010417 2010418 2010419 2010420 2010421 2010422 2010423 2010424 2020400 2020401 2020402 2020403 2020404 2020405 2020406 2020407 2020408 2020409 2020410 2020411 2020412 2020413 2020414 2020415 2020416 2020417 2020418 2020419 2020420 2020421 2020422 2020423 2020424 2030400 2030401 2030402 2030403 2030404 2030405 2030406 2030407 2030408 2030409 2030410 2030411 2030412 2030413 2030414 2030415 2030416 2030417 2030418 2030419 2030420 2030421 2030422 2030423 2030424 
2000500 2000501 2000502 2000503 2000504 2000505 2000506 2000507 2000508 2000509 2000510 2000511 2000512 2000513 2000514 2000515 2000516 2000517 2000518 2000519 2000520 2000521 2000522 2000523 2000524 2010500 2010501 2010502 2010503 2010504 2010505 2010506 2010507 2010508 2010509 2010510 2010511 2010512 2010513 2010514 2010515 2010516 2010517 2010518 2010519 2010520 2010521 2010522 2010523 2010524 2020500 2020501 2020502 2020503 2020504 2020505 2020506 2020507 2020508 2020509 2020510 2020511 2020512 2020513 2020514 2020515 2020516 2020517 2020518 2020519 2020520 2020521 2020522 2020523 2020524 2030500 2030501 2030502 2030503 2030504 2030505 2030506 2030507 2030508 2030509 2030510 2030511 2030512 2030513 2030514 2030515 2030516 2030517 2030518 2030519 2030520 2030521 2030522 2030523 2030524 
2000600 2000601 2000602 2000603 2000604 2000605 2000606 2000607 2000608 2000609 2000610 2000611 2000612 2000613 2000614 2000615 2000616 2000617 2000618 2000619 2000620 2000621 2000622 2000623 2000624 2010600 2010601 2010602 2010603 2010604 2010605 2010606 2010607 2010608 2010609 2010610 2010611 2010612 2010613 2010614 2010615 2010616 2010617 2010618 2010619 2010620 2010621 2010622 2010623 2010624 2020600 2020601 2020602 2020603 2020604 2020605 2020606 2020607 2020608 2020609 2020610 2020611 2020612 2020613 2020614 2020615 2020616 2020617 2020618 2020619 2020620 2020621 2020622 2020623 2020624 2030600 2030601 2030602 2030603 2030604 2030605 2030606 2030607 2030608 2030609 2030610 2030611 2030612 2030613 2030614 2030615 2030616 2030617 2030618 2030619 2030620 2030621 2030622 2030623 2030624 
2000700 2000701 2000702 2000703 2000704 2000705 2000706 2000707 2000708 2000709 2000710 2000711 2000712 2000713 2000714 2000715 2000716 2000717 2000718 2000719 2000720 2000721 2000722 2000723 2000724 2010700 2010701 2010702 2010703 2010704 2010705 2010706 2010707 2010708 2010709 2010710 2010711 2010712 2010713 2010714 2010715 2010716 2010717 2010718 2010719 2010720 2010721 2010722 2010723 2010724 2020700 2020701 2020702 2020703 2020704 2020705 2020706 2020707 2020708 2020709 2020710 2020711 2020712 2020713 2020714 2020715 2020716 2020717 2020718 2020719 2020720 2020721 2020722 2020723 2020724 2030700 2030701 2030702 2030703 2030704 2030705 2030706 2030707 2030708 2030709 2030710 2030711 2030712 2030713 2030714 2030715 2030716 2030717 2030718 2030719 2030720 2030721 2030722 2030723 2030724 
2000800 2000801 2000802 2000803 2000804 2000805 2000806 2000807 2000808 2000809 2000810 2000811 2000812 2000813 2000814 2000815 2000816 2000817 2000818 2000819 2000820 2000821 2000822 2000823 2000824 2010800 2010801 2010802 2010803 2010804 2010805 2010806 2010807 2010808 2010809 2010810 2010811 2010812 2010813 2010814 2010815 2010816 2010817 2010818 2010819 2010820 2010821 2010822 2010823 2010824 2020800 2020801 2020802 2020803 2020804 2020805 2020806 2020807 2020808 2020809 2020810 2020811 2020812 2020813 2020814 2020815 2020816 2020817 2020818 2020819 2020820 2020821 2020822 2020823 2020824 2030800 2030801 2030802 2030803 2030804 2030805 2030806 2030807 2030808 2030809 2030810 2030811 2030812 2030813 2030814 2030815 2030816 2030817 2030818 2030819 2030820 2030821 2030822 2030823 2030824 
2000900 2000901 2000902 2000903 2000904 2000905 2000906 2000907 2000908 2000909 2000910 2000911 2000912 2000913 2000914 2000915 2000916 2000917 2000918 2000919 2000920 2000921 2000922 2000923 2000924 2010900 2010901 2010902 2010903 2010904 2010905 2010906 2010907 2010908 2010909 2010910 2010911 2010912 2010913 2010914 2010915 2010916 2010917 2010918 2010919 2010920 2010921 2010922 2010923 2010924 2020900 2020901 2020902 2020903 2020904 2020905 2020906 2020907 2020908 2020909 2020910 2020911 2020912 2020913 2020914 2020915 2020916 2020917 2020918 2020919 2020920 2020921 2020922 2020923 2020924 2030900 2030901 2030902 2030903 2030904 2030905 2030906 2030907 2030908 2030909 2030910 2030911 2030912 2030913 2030914 2030915 2030916 2030917 2030918 2030919 2030920 2030921 2030922 2030923 2030924 
2001000 2001001 2001002 2001003 2001004 2001005 2001006 2001007 2001008 2001009 2001010 2001011 2001012 2001013 2001014 2001015 2001016 2001017 2001018 2001019 2001020 2001021 2001022 2001023 2001024 2011000 2011001 2011002 2011003 2011004 2011005 2011006 2011007 2011008 2011009 2011010 2011011 2011012 2011013 2011014 2011015 2011016 2011017 2011018 2011019 2011020 2011021 2011022 2011023 2011024 2021000 2021001 2021002 2021003 2021004 2021005 2021006 2021007 2021008 2021009 2021010 2021011 2021012 2021013 2021014 2021015 2021016 2021017 2021018 2021019 2021020 2021021 2021022 2021023 2021024 2031000 2031001 2031002 2031003 2031004 2031005 2031006 2031007 2031008 2031009 2031010 2031011 2031012 2031013 2031014 2031015 2031016 2031017 2031018 2031019 2031020 2031021 2031022 2031023 2031024 
2001100 2001101 2001102 2001103 2001104 2001105 2001106 2001107 2001108 2001109 2001110 2001111 2001112 2001113 2001114 2001115 2001116 2001117 2001118 2001119 2001120 2001121 2001122 2001123 2001124 2011100 2011101 2011102 2011103 2011104 2011105 2011106 2011107 2011108 2011109 2011110 2011111 2011112 2011113 2011114 2011115 2011116 2011117 2011118 2011119 2011120 2011121 2011122 2011123 2011124 2021100 2021101 2021102 2021103 2021104 2021105 2021106 2021107 2021108 2021109 2021110 2021111 2021112 2021113 2021114 2021115 2021116 2021117 2021118 2021119 2021120 2021121 2021122 2021123 2021124 2031100 2031101 2031102 2031103 2031104 2031105 2031106 2031107 2031108 2031109 2031110 2031111 2031112 2031113 2031114 2031115 2031116 2031117 2031118 2031119 2031120 2031121 2031122 2031123 2031124 
2001200 2001201 2001202 2001203 2001204 2001205 2001206 2001207 2001208 2001209 2001210 2001211 2001212 2001213 2001214 2001215 2001216 2001217 2001218 2001219 2001220 2001221 2001222 2001223 2001224 2011200 2011201 2011202 2011203 2011204 2011205 2011206 2011207 2011208 2011209 2011210 2011211 2011212 2011213 2011214 2011215 2011216 2011217 2011218 2011219 2011220 2011221 2011222 2011223 2011224 2021200 2021201 2021202 2021203 2021204 2021205 2021206 2021207 2021208 2021209 2021210 2021211 2021212 2021213 2021214 2021215 2021216 2021217 2021218 2021219 2021220 2021221 2021222 2021223 2021224 2031200 2031201 2031202 2031203 2031204 2031205 2031206 2031207 2031208 2031209 2031210 2031211 2031212 2031213 2031214 2031215 2031216 2031217 2031218 2031219 2031220 2031221 2031222 2031223 2031224 
2001300 2001301 2001302 2001303 2001304 2001305 2001306 2001307 2001308 2001309 2001310 2001311 2001312 2001313 2001314 2001315 2001316 2001317 2001318 2001319 2001320 2001321 2001322 2001323 2001324 2011300 2011301 2011302 2011303 2011304 2011305 2011306 2011307 2011308 2011309 2011310 2011311 2011312 2011313 2011314 2011315 2011316 2011317 2011318 2011319 2011320 2011321 2011322 2011323 2011324 2021300 2021301 2021302 2021303 2021304 2021305 2021306 2021307 2021308 2021309 2021310 2021311 2021312 2021313 2021314 2021315 2021316 2021317 2021318 2021319 2021320 2021321 2021322 2021323 2021324 2031300 2031301 2031302 2031303 2031304 2031305 2031306 2031307 2031308 2031309 2031310 2031311 2031312 2031313 2031314 2031315 2031316 2031317 2031318 2031319 2031320 2031321 2031322 2031323 2031324 
2001400 2001401 2001402 2001403 2001404 2001405 2001406 2001407 2001408 2001409 2001410 2001411 2001412 2001413 2001414 2001415 2001416 2001417 2001418 2001419 2001420 2001421 2001422 2001423 2001424 2011400 2011401 2011402 2011403 2011404 2011405 2011406 2011407 2011408 2011409 2011410 2011411 2011412 2011413 2011414 2011415 2011416 2011417 2011418 2011419 2011420 2011421 2011422 2011423 2011424 2021400 2021401 2021402 2021403 2021404 2021405 2021406 2021407 2021408 2021409 2021410 2021411 2021412 2021413 2021414 2021415 2021416 2021417 2021418 2021419 2021420 2021421 2021422 2021423 2021424 2031400 2031401 2031402 2031403 2031404 2031405 2031406 2031407 2031408 2031409 2031410 2031411 2031412 2031413 2031414 2031415 2031416 2031417 2031418 2031419 2031420 2031421 2031422 2031423 2031424 
2001500 2001501 2001502 2001503 2001504 2001505 2001506 2001507 2001508 2001509 2001510 2001511 2001512 2001513 2001514 2001515 2001516 2001517 2001518 2001519 2001520 2001521 2001522 2001523 2001524 2011500 2011501 2011502 2011503 2011504 2011505 2011506 2011507 2011508 2011509 2011510 2011511 2011512 2011513 2011514 2011515 2011516 2011517 2011518 2011519 2011520 2011521 2011522 2011523 2011524 2021500 2021501 2021502 2021503 2021504 2021505 2021506 2021507 2021508 2021509 2021510 2021511 2021512 2021513 2021514 2021515 2021516 2021517 2021518 2021519 2021520 2021521 2021522 2021523 2021524 2031500 2031501 2031502 2031503 2031504 2031505 2031506 2031507 2031508 2031509 2031510 2031511 2031512 2031513 2031514 2031515 2031516 2031517 2031518 2031519 2031520 2031521 2031522 2031523 2031524 
2001600 2001601 2001602 2001603 2001604 2001605 2001606 2001607 2001608 2001609 2001610 2001611 2001612 2001613 2001614 2001615 2001616 2001617 2001618 2001619 2001620 2001621 2001622 2001623 2001624 2011600 2011601 2011602 2011603 2011604 2011605 2011606 2011607 2011608 2011609 2011610 2011611 2011612 2011613 2011614 2011615 2011616 2011617 2011618 2011619 2011620 2011621 2011622 2011623 2011624 2021600 2021601 2021602 2021603 2021604 2021605 2021606 2021607 2021608 2021609 2021610 2021611 2021612 2021613 2021614 2021615 2021616 2021617 2021618 2021619 2021620 2021621 2021622 2021623 2021624 2031600 2031601 2031602 2031603 2031604 2031605 2031606 2031607 2031608 2031609 2031610 2031611 2031612 2031613 2031614 2031615 2031616 2031617 2031618 2031619 2031620 2031621 2031622 2031623 2031624 
2001700 2001701 2001702 2001703 2001704 2001705 2001706 2001707 2001708 2001709 2001710 2001711 2001712 2001713 2001714 2001715 2001716 2001717 2001718 2001719 2001720 2001721 2001722 2001723 2001724 2011700 2011701 2011702 2011703 2011704 2011705 2011706 2011707 2011708 2011709 2011710 2011711 2011712 2011713 2011714 2011715 2011716 2011717 2011718 2011719 2011720 2011721 2011722 2011723 2011724 2021700 2021701 2021702 2021703 2021704 2021705 2021706 2021707 2021708 2021709 2021710 2021711 2021712 2021713 2021714 2021715 2021716 2021717 2021718 2021719 2021720 2021721 2021722 2021723 2021724 2031700 2031701 2031702 2031703 2031704 2031705 2031706 2031707 2031708 2031709 2031710 2031711 2031712 2031713 2031714 2031715 2031716 2031717 2031718 2031719 2031720 2031721 2031722 2031723 2031724 
2001800 2001801 2001802 2001803 2001804 2001805 2001806 2001807 2001808 2001809 2001810 2001811 2001812 2001813 2001814 2001815 2001816 2001817 2001818 2001819 2001820 2001821 2001822 2001823 2001824 2011800 2011801 2011802 2011803 2011804 2011805 2011806 2011807 2011808 2011809 2011810 2011811 2011812 2011813 2011814 2011815 2011816 2011817 2011818 2011819 2011820 2011821 2011822 2011823 2011824 2021800 2021801 2021802 2021803 2021804 2021805 2021806 2021807 2021808 2021809 2021810 2021811 2021812 2021813 2021814 2021815 2021816 2021817 2021818 2021819 2021820 2021821 2021822 2021823 2021824 2031800 2031801 2031802 2031803 2031804 2031805 2031806 2031807 2031808 2031809 2031810 2031811 2031812 2031813 2031814 2031815 2031816 2031817 2031818 2031819 2031820 2031821 2031822 2031823 2031824 
2001900 2001901 2001902 2001903 2001904 2001905 2001906 2001907 2001908 2001909 2001910 2001911 2001912 2001913 2001914 2001915 2001916 2001917 2001918 2001919 2001920 2001921 2001922 2001923 2001924 2011900 2011901 2011902 2011903 2011904 2011905 2011906 2011907 2011908 2011909 2011910 2011911 2011912 2011913 2011914 2011915 2011916 2011917 2011918 2011919 2011920 2011921 2011922 2011923 2011924 2021900 2021901 2021902 2021903 2021904 2021905 2021906 2021907 2021908 2021909 2021910 2021911 2021912 2021913 2021914 2021915 2021916 2021917 2021918 2021919 2021920 2021921 2021922 2021923 2021924 2031900 2031901 2031902 2031903 2031904 2031905 2031906 2031907 2031908 2031909 2031910 2031911 2031912 2031913 2031914 2031915 2031916 2031917 2031918 2031919 2031920 2031921 2031922 2031923 2031924 
2002000 2002001 2002002 2002003 2002004 2002005 2002006 2002007 2002008 2002009 2002010 2002011 2002012 2002013 2002014 2002015 2002016 2002017 2002018 2002019 2002020 2002021 2002022 2002023 2002024 2012000 2012001 2012002 2012003 2012004 2012005 2012006 2012007 2012008 2012009 2012010 2012011 2012012 2012013 2012014 2012015 2012016 2012017 2012018 2012019 2012020 2012021 2012022 2012023 2012024 2022000 2022001 2022002 2022003 2022004 2022005 2022006 2022007 2022008 2022009 2022010 2022011 2022012 2022013 2022014 2022015 2022016 2022017 2022018 2022019 2022020 2022021 2022022 2022023 2022024 2032000 2032001 2032002 2032003 2032004 2032005 2032006 2032007 2032008 2032009 2032010 2032011 2032012 2032013 2032014 2032015 2032016 2032017 2032018 2032019 2032020 2032021 2032022 2032023 2032024 
2002100 2002101 2002102 2002103 2002104 2002105 2002106 2002107 2002108 2002109 2002110 2002111 2002112 2002113 2002114 2002115 2002116 2002117 2002118 2002119 2002120 2002121 2002122 2002123 2002124 2012100 2012101 2012102 2012103 2012104 2012105 2012106 2012107 2012108 2012109 2012110 2012111 2012112 2012113 2012114 2012115 2012116 2012117 2012118 2012119 2012120 2012121 2012122 2012123 2012124 2022100 2022101 2022102 2022103 2022104 2022105 2022106 2022107 2022108 2022109 2022110 2022111 2022112 2022113 2022114 2022115 2022116 2022117 2022118 2022119 2022120 2022121 2022122 2022123 2022124 2032100 2032101 2032102 2032103 2032104 2032105 2032106 2032107 2032108 2032109 2032110 2032111 2032112 2032113 2032114 2032115 2032116 2032117 2032118 2032119 2032120 2032121 2032122 2032123 2032124 
2002200 2002201 2002202 2002203 2002204 2002205 2002206 2002207 2002208 2002209 2002210 2002211 2002212 2002213 2002214 2002215 2002216 2002217 2002218 2002219 2002220 2002221 2002222 2002223 2002224 2012200 2012201 2012202 2012203 2012204 2012205 2012206 2012207 2012208 2012209 2012210 2012211 2012212 2012213 2012214 2012215 2012216 2012217 2012218 2012219 2012220 2012221 2012222 2012223 2012224 2022200 2022201 2022202 2022203 2022204 2022205 2022206 2022207 2022208 2022209 2022210 2022211 2022212 2022213 2022214 2022215 2022216 2022217 2022218 2022219 2022220 2022221 2022222 2022223 2022224 2032200 2032201 2032202 2032203 2032204 2032205 2032206 2032207 2032208 2032209 2032210 2032211 2032212 2032213 2032214 2032215 2032216 2032217 2032218 2032219 2032220 2032221 2032222 2032223 2032224 
2002300 2002301 2002302 2002303 2002304 2002305 2002306 2002307 2002308 2002309 2002310 2002311 2002312 2002313 2002314 2002315 2002316 2002317 2002318 2002319 2002320 2002321 2002322 2002323 2002324 2012300 2012301 2012302 2012303 2012304 2012305 2012306 2012307 2012308 2012309 2012310 2012311 2012312 2012313 2012314 2012315 2012316 2012317 2012318 2012319 2012320 2012321 2012322 2012323 2012324 2022300 2022301 2022302 2022303 2022304 2022305 2022306 2022307 2022308 2022309 2022310 2022311 2022312 2022313 2022314 2022315 2022316 2022317 2022318 2022319 2022320 2022321 2022322 2022323 2022324 2032300 2032301 2032302 2032303 2032304 2032305 2032306 2032307 2032308 2032309 2032310 2032311 2032312 2032313 2032314 2032315 2032316 2032317 2032318 2032319 2032320 2032321 2032322 2032323 2032324 
2002400 2002401 2002402 2002403 2002404 2002405 2002406 2002407 2002408 2002409 2002410 2002411 2002412 2002413 2002414 2002415 2002416 2002417 2002418 2002419 2002420 2002421 2002422 2002423 2002424 2012400 2012401 2012402 2012403 2012404 2012405 2012406 2012407 2012408 2012409 2012410 2012411 2012412 2012413 2012414 2012415 2012416 2012417 2012418 2012419 2012420 2012421 2012422 2012423 2012424 2022400 2022401 2022402 2022403 2022404 2022405 2022406 2022407 2022408 2022409 2022410 2022411 2022412 2022413 2022414 2022415 2022416 2022417 2022418 2022419 2022420 2022421 2022422 2022423 2022424 2032400 2032401 2032402 2032403 2032404 2032405 2032406 2032407 2032408 2032409 2032410 2032411 2032412 2032413 2032414 2032415 2032416 2032417 2032418 2032419 2032420 2032421 2032422 2032423 2032424 
3000000 3000001 3000002 3000003 3000004 3000005 3000006 3000007 3000008 3000009 3000010 3000011 3000012 3000013 3000014 3000015 3000016 3000017 3000018 3000019 3000020 3000021 3000022 3000023 3000024 3010000 3010001 3010002 3010003 3010004 3010005 3010006 3010007 3010008 3010009 3010010 3010011 3010012 3010013 3010014 3010015 3010016 3010017 3010018 3010019 3010020 3010021 3010022 3010023 3010024 3020000 3020001 3020002 3020003 3020004 3020005 3020006 3020007 3020008 3020009 3020010 3020011 3020012 3020013 3020014 3020015 3020016 3020017 3020018 3020019 3020020 3020021 3020022 3020023 3020024 3030000 3030001 3030002 3030003 3030004 3030005 3030006 3030007 3030008 3030009 3030010 3030011 3030012 3030013 3030014 3030015 3030016 3030017 3030018 3030019 3030020 3030021 3030022 3030023 3030024 
3000100 3000101 3000102 3000103 3000104 3000105 3000106 3000107 3000108 3000109 3000110 3000111 3000112 3000113 3000114 3000115 3000116 3000117 3000118 3000119 3000120 3000121 3000122 3000123 3000124 3010100 3010101 3010102 3010103 3010104 3010105 3010106 3010107 3010108 3010109 3010110 3010111 3010112 3010113 3010114 3010115 3010116 3010117 3010118 3010119 3010120 3010121 3010122 3010123 3010124 3020100 3020101 3020102 3020103 3020104 3020105 3020106 3020107 3020108 3020109 3020110 3020111 3020112 3020113 3020114 3020115 3020116 3020117 3020118 3020119 3020120 3020121 3020122 3020123 3020124 3030100 3030101 3030102 3030103 3030104 3030105 3030106 3030107 3030108 3030109 3030110 3030111 3030112 3030113 3030114 3030115 3030116 3030117 3030118 3030119 3030120 3030121 3030122 3030123 3030124 
3000200 3000201 3000202 3000203 3000204 3000205 3000206 3000207 3000208 3000209 3000210 3000211 3000212 3000213 3000214 3000215 3000216 3000217 3000218 3000219 3000220 3000221 3000222 3000223 3000224 3010200 3010201 3010202 3010203 3010204 3010205 3010206 3010207 3010208 3010209 3010210 3010211 3010212 3010213 3010214 3010215 3010216 3010217 3010218 3010219 3010220 3010221 3010222 3010223 3010224 3020200 3020201 3020202 3020203 3020204 3020205 3020206 3020207 3020208 3020209 3020210 3020211 3020212 3020213 3020214 3020215 3020216 3020217 3020218 3020219 3020220 3020221 3020222 3020223 3020224 3030200 3030201 3030202 3030203 3030204 3030205 3030206 3030207 3030208 3030209 3030210 3030211 3030212 3030213 3030214 3030215 3030216 3030217 3030218 3030219 3030220 3030221 3030222 3030223 3030224 
3000300 3000301 3000302 3000303 3000304 3000305 3000306 3000307 3000308 3000309 3000310 3000311 3000312 3000313 3000314 3000315 3000316 3000317 3000318 3000319 3000320 3000321 3000322 3000323 3000324 3010300 3010301 3010302 3010303 3010304 3010305 3010306 3010307 3010308 3010309 3010310 3010311 3010312 3010313 3010314 3010315 3010316 3010317 3010318 3010319 3010320 3010321 3010322 3010323 3010324 3020300 3020301 3020302 3020303 3020304 3020305 3020306 3020307 3020308 3020309 3020310 3020311 3020312 3020313 3020314 3020315 3020316 3020317 3020318 3020319 3020320 3020321 3020322 3020323 3020324 3030300 3030301 3030302 3030303 3030304 3030305 3030306 3030307 3030308 3030309 3030310 3030311 3030312 3030313 3030314 3030315 3030316 3030317 3030318 3030319 3030320 3030321 3030322 3030323 3030324 
3000400 3000401 3000402 3000403 3000404 3000405 3000406 3000407 3000408 3000409 3000410 3000411 3000412 3000413 3000414 3000415 3000416 3000417 3000418 3000419 3000420 3000421 3000422 3000423 3000424 3010400 3010401 3010402 3010403 3010404 3010405 3010406 3010407 3010408 3010409 3010410 3010411 3010412 3010413 3010414 3010415 3010416 3010417 3010418 3010419 3010420 3010421 3010422 3010423 3010424 3020400 3020401 3020402 3020403 3020404 3020405 3020406 3020407 3020408 3020409 3020410 3020411 3020412 3020413 3020414 3020415 3020416 3020417 3020418 3020419 3020420 3020421 3020422 3020423 3020424 3030400 3030401 3030402 3030403 3030404 3030405 3030406 3030407 3030408 3030409 3030410 3030411 3030412 3030413 3030414 3030415 3030416 3030417 3030418 3030419 3030420 3030421 3030422 3030423 3030424 
3000500 3000501 3000502 3000503 3000504 3000505 3000506 3000507 3000508 3000509 3000510 3000511 3000512 3000513 3000514 3000515 3000516 3000517 3000518 3000519 3000520 3000521 3000522 3000523 3000524 3010500 3010501 3010502 3010503 3010504 3010505 3010506 3010507 3010508 3010509 3010510 3010511 3010512 3010513 3010514 3010515 3010516 3010517 3010518 3010519 3010520 3010521 3010522 3010523 3010524 3020500 3020501 3020502 3020503 3020504 3020505 3020506 3020507 3020508 3020509 3020510 3020511 3020512 3020513 3020514 3020515 3020516 3020517 3020518 3020519 3020520 3020521 3020522 3020523 3020524 3030500 3030501 3030502 3030503 3030504 3030505 3030506 3030507 3030508 3030509 3030510 3030511 3030512 3030513 3030514 3030515 3030516 3030517 3030518 3030519 3030520 3030521 3030522 3030523 3030524 
3000600 3000601 3000602 3000603 3000604 3000605 3000606 3000607 3000608 3000609 3000610 3000611 3000612 3000613 3000614 3000615 3000616 3000617 3000618 3000619 3000620 3000621 3000622 3000623 3000624 3010600 3010601 3010602 3010603 3010604 3010605 3010606 3010607 3010608 3010609 3010610 3010611 3010612 3010613 3010614 3010615 3010616 3010617 3010618 3010619 3010620 3010621 3010622 3010623 3010624 3020600 3020601 3020602 3020603 3020604 3020605 3020606 3020607 3020608 3020609 3020610 3020611 3020612 3020613 3020614 3020615 3020616 3020617 3020618 3020619 3020620 3020621 3020622 3020623 3020624 3030600 3030601 3030602 3030603 3030604 3030605 3030606 3030607 3030608 3030609 3030610 3030611 3030612 3030613 3030614 3030615 3030616 3030617 3030618 3030619 3030620 3030621 3030622 3030623 3030624 
3000700 3000701 3000702 3000703 3000704 3000705 3000706 3000707 3000708 3000709 3000710 3000711 3000712 3000713 3000714 3000715 3000716 3000717 3000718 3000719 3000720 3000721 3000722 3000723 3000724 3010700 3010701 3010702 3010703 3010704 3010705 3010706 3010707 3010708 3010709 3010710 3010711 3010712 3010713 3010714 3010715 3010716 3010717 3010718 3010719 3010720 3010721 3010722 3010723 3010724 3020700 3020701 3020702 3020703 3020704 3020705 3020706 3020707 3020708 3020709 3020710 3020711 3020712 3020713 3020714 3020715 3020716 3020717 3020718 3020719 3020720 3020721 3020722 3020723 3020724 3030700 3030701 3030702 3030703 3030704 3030705 3030706 3030707 3030708 3030709 3030710 3030711 3030712 3030713 3030714 3030715 3030716 3030717 3030718 3030719 3030720 3030721 3030722 3030723 3030724 
3000800 3000801 3000802 3000803 3000804 3000805 3000806 3000807 3000808 3000809 3000810 3000811 3000812 3000813 3000814 3000815 3000816 3000817 3000818 3000819 3000820 3000821 3000822 3000823 3000824 3010800 3010801 3010802 3010803 3010804 3010805 3010806 3010807 3010808 3010809 3010810 3010811 3010812 3010813 3010814 3010815 3010816 3010817 3010818 3010819 3010820 3010821 3010822 3010823 3010824 3020800 3020801 3020802 3020803 3020804 3020805 3020806 3020807 3020808 3020809 3020810 3020811 3020812 3020813 3020814 3020815 3020816 3020817 3020818 3020819 3020820 3020821 3020822 3020823 3020824 3030800 3030801 3030802 3030803 3030804 3030805 3030806 3030807 3030808 3030809 3030810 3030811 3030812 3030813 3030814 3030815 3030816 3030817 3030818 3030819 3030820 3030821 3030822 3030823 3030824 
3000900 3000901 3000902 3000903 3000904 3000905 3000906 3000907 3000908 3000909 3000910 3000911 3000912 3000913 3000914 3000915 3000916 3000917 3000918 3000919 3000920 3000921 3000922 3000923 3000924 3010900 3010901 3010902 3010903 3010904 3010905 3010906 3010907 3010908 3010909 3010910 3010911 3010912 3010913 3010914 3010915 3010916 3010917 3010918 3010919 3010920 3010921 3010922 3010923 3010924 3020900 3020901 3020902 3020903 3020904 3020905 3020906 3020907 3020908 3020909 3020910 3020911 3020912 3020913 3020914 3020915 3020916 3020917 3020918 3020919 3020920 3020921 3020922 3020923 3020924 3030900 3030901 3030902 3030903 3030904 3030905 3030906 3030907 3030908 3030909 3030910 3030911 3030912 3030913 3030914 3030915 3030916 3030917 3030918 3030919 3030920 3030921 3030922 3030923 3030924 
3001000 3001001 3001002 3001003 3001004 3001005 3001006 3001007 3001008 3001009 3001010 3001011 3001012 3001013 3001014 3001015 3001016 3001017 3001018 3001019 3001020 3001021 3001022 3001023 3001024 3011000 3011001 3011002 3011003 3011004 3011005 3011006 3011007 3011008 3011009 3011010 3011011 3011012 3011013 3011014 3011015 3011016 3011017 3011018 3011019 3011020 3011021 3011022 3011023 3011024 3021000 3021001 3021002 3021003 3021004 3021005 3021006 3021007 3021008 3021009 3021010 3021011 3021012 3021013 3021014 3021015 3021016 3021017 3021018 3021019 3021020 3021021 3021022 3021023 3021024 3031000 3031001 3031002 3031003 3031004 3031005 3031006 3031007 3031008 3031009 3031010 3031011 3031012 3031013 3031014 3031015 3031016 3031017 3031018 3031019 3031020 3031021 3031022 3031023 3031024 
3001100 3001101 3001102 3001103 3001104 3001105 3001106 3001107 3001108 3001109 3001110 3001111 3001112 3001113 3001114 3001115 3001116 3001117 3001118 3001119 3001120 3001121 3001122 3001123 3001124 3011100 3011101 3011102 3011103 3011104 3011105 3011106 3011107 3011108 3011109 3011110 3011111 3011112 3011113 3011114 3011115 3011116 3011117 3011118 3011119 3011120 3011121 3011122 3011123 3011124 3021100 3021101 3021102 3021103 3021104 3021105 3021106 3021107 3021108 3021109 3021110 3021111 3021112 3021113 3021114 3021115 3021116 3021117 3021118 3021119 3021120 3021121 3021122 3021123 3021124 3031100 3031101 3031102 3031103 3031104 3031105 3031106 3031107 3031108 3031109 3031110 3031111 3031112 3031113 3031114 3031115 3031116 3031117 3031118 3031119 3031120 3031121 3031122 3031123 3031124 
3001200 3001201 3001202 3001203 3001204 3001205 3001206 3001207 3001208 3001209 3001210 3001211 3001212 3001213 3001214 3001215 3001216 3001217 3001218 3001219 3001220 3001221 3001222 3001223 3001224 3011200 3011201 3011202 3011203 3011204 3011205 3011206 3011207 3011208 3011209 3011210 3011211 3011212 3011213 3011214 3011215 3011216 3011217 3011218 3011219 3011220 3011221 3011222 3011223 3011224 3021200 3021201 3021202 3021203 3021204 3021205 3021206 3021207 3021208 3021209 3021210 3021211 3021212 3021213 3021214 3021215 3021216 3021217 3021218 3021219 3021220 3021221 3021222 3021223 3021224 3031200 3031201 3031202 3031203 3031204 3031205 3031206 3031207 3031208 3031209 3031210 3031211 3031212 3031213 3031214 3031215 3031216 3031217 3031218 3031219 3031220 3031221 3031222 3031223 3031224 
3001300 3001301 3001302 3001303 3001304 3001305 3001306 3001307 3001308 3001309 3001310 3001311 3001312 3001313 3001314 3001315 3001316 3001317 3001318 3001319 3001320 3001321 3001322 3001323 3001324 3011300 3011301 3011302 3011303 3011304 3011305 3011306 3011307 3011308 3011309 3011310 3011311 3011312 3011313 3011314 3011315 3011316 3011317 3011318 3011319 3011320 3011321 3011322 3011323 3011324 3021300 3021301 3021302 3021303 3021304 3021305 3021306 3021307 3021308 3021309 3021310 3021311 3021312 3021313 3021314 3021315 3021316 3021317 3021318 3021319 3021320 3021321 3021322 3021323 3021324 3031300 3031301 3031302 3031303 3031304 3031305 3031306 3031307 3031308 3031309 3031310 3031311 3031312 3031313 3031314 3031315 3031316 3031317 3031318 3031319 3031320 3031321 3031322 3031323 3031324 
3001400 3001401 3001402 3001403 3001404 3001405 3001406 3001407 3001408 3001409 3001410 3001411 3001412 3001413 3001414 3001415 3001416 3001417 3001418 3001419 3001420 3001421 3001422 3001423 3001424 3011400 3011401 3011402 3011403 3011404 3011405 3011406 3011407 3011408 3011409 3011410 3011411 3011412 3011413 3011414 3011415 3011416 3011417 3011418 3011419 3011420 3011421 3011422 3011423 3011424 3021400 3021401 3021402 3021403 3021404 3021405 3021406 3021407 3021408 3021409 3021410 3021411 3021412 3021413 3021414 3021415 3021416 3021417 3021418 3021419 3021420 3021421 3021422 3021423 3021424 3031400 3031401 3031402 3031403 3031404 3031405 3031406 3031407 3031408 3031409 3031410 3031411 3031412 3031413 3031414 3031415 3031416 3031417 3031418 3031419 3031420 3031421 3031422 3031423 3031424 
3001500 3001501 3001502 3001503 3001504 3001505 3001506 3001507 3001508 3001509 3001510 3001511 3001512 3001513 3001514 3001515 3001516 3001517 3001518 3001519 3001520 3001521 3001522 3001523 3001524 3011500 3011501 3011502 3011503 3011504 3011505 3011506 3011507 3011508 3011509 3011510 3011511 3011512 3011513 3011514 3011515 3011516 3011517 3011518 3011519 3011520 3011521 3011522 3011523 3011524 3021500 3021501 3021502 3021503 3021504 3021505 3021506 3021507 3021508 3021509 3021510 3021511 3021512 3021513 3021514 3021515 3021516 3021517 3021518 3021519 3021520 3021521 3021522 3021523 3021524 3031500 3031501 3031502 3031503 3031504 3031505 3031506 3031507 3031508 3031509 3031510 3031511 3031512 3031513 3031514 3031515 3031516 3031517 3031518 3031519 3031520 3031521 3031522 3031523 3031524 
3001600 3001601 3001602 3001603 3001604 3001605 3001606 3001607 3001608 3001609 3001610 3001611 3001612 3001613 3001614 3001615 3001616 3001617 3001618 3001619 3001620 3001621 3001622 3001623 3001624 3011600 3011601 3011602 3011603 3011604 3011605 3011606 3011607 3011608 3011609 3011610 3011611 3011612 3011613 3011614 3011615 3011616 3011617 3011618 3011619 3011620 3011621 3011622 3011623 3011624 3021600 3021601 3021602 3021603 3021604 3021605 3021606 3021607 3021608 3021609 3021610 3021611 3021612 3021613 3021614 3021615 3021616 3021617 3021618 3021619 3021620 3021621 3021622 3021623 3021624 3031600 3031601 3031602 3031603 3031604 3031605 3031606 3031607 3031608 3031609 3031610 3031611 3031612 3031613 3031614 3031615 3031616 3031617 3031618 3031619 3031620 3031621 3031622 3031623 3031624 
3001700 3001701 3001702 3001703 3001704 3001705 3001706 3001707 3001708 3001709 3001710 3001711 3001712 3001713 3001714 3001715 3001716 3001717 3001718 3001719 3001720 3001721 3001722 3001723 3001724 3011700 3011701 3011702 3011703 3011704 3011705 3011706 3011707 3011708 3011709 3011710 3011711 3011712 3011713 3011714 3011715 3011716 3011717 3011718 3011719 3011720 3011721 3011722 3011723 3011724 3021700 3021701 3021702 3021703 3021704 3021705 3021706 3021707 3021708 3021709 3021710 3021711 3021712 3021713 3021714 3021715 3021716 3021717 3021718 3021719 3021720 3021721 3021722 3021723 3021724 3031700 3031701 3031702 3031703 3031704 3031705 3031706 3031707 3031708 3031709 3031710 3031711 3031712 3031713 3031714 3031715 3031716 3031717 3031718 3031719 3031720 3031721 3031722 3031723 3031724 
3001800 3001801 3001802 3001803 3001804 3001805 3001806 3001807 3001808 3001809 3001810 3001811 3001812 3001813 3001814 3001815 3001816 3001817 3001818 3001819 3001820 3001821 3001822 3001823 3001824 3011800 3011801 3011802 3011803 3011804 3011805 3011806 3011807 3011808 3011809 3011810 3011811 3011812 3011813 3011814 3011815 3011816 3011817 3011818 3011819 3011820 3011821 3011822 3011823 3011824 3021800 3021801 3021802 3021803 3021804 3021805 3021806 3021807 3021808 3021809 3021810 3021811 3021812 3021813 3021814 3021815 3021816 3021817 3021818 3021819 3021820 3021821 3021822 3021823 3021824 3031800 3031801 3031802 3031803 3031804 3031805 3031806 3031807 3031808 3031809 3031810 3031811 3031812 3031813 3031814 3031815 3031816 3031817 3031818 3031819 3031820 3031821 3031822 3031823 3031824 
3001900 3001901 3001902 3001903 3001904 3001905 3001906 3001907 3001908 3001909 3001910 3001911 3001912 3001913 3001914 3001915 3001916 3001917 3001918 3001919 3001920 3001921 3001922 3001923 3001924 3011900 3011901 3011902 3011903 3011904 3011905 3011906 3011907 3011908 3011909 3011910 3011911 3011912 3011913 3011914 3011915 3011916 3011917 3011918 3011919 3011920 3011921 3011922 3011923 3011924 3021900 3021901 3021902 3021903 3021904 3021905 3021906 3021907 3021908 3021909 3021910 3021911 3021912 3021913 3021914 3021915 3021916 3021917 3021918 3021919 3021920 3021921 3021922 3021923 3021924 3031900 3031901 3031902 3031903 3031904 3031905 3031906 3031907 3031908 3031909 3031910 3031911 3031912 3031913 3031914 3031915 3031916 3031917 3031918 3031919 3031920 3031921 3031922 3031923 3031924 
3002000 3002001 3002002 3002003 3002004 3002005 3002006 3002007 3002008 3002009 3002010 3002011 3002012 3002013 3002014 3002015 3002016 3002017 3002018 3002019 3002020 3002021 3002022 3002023 3002024 3012000 3012001 3012002 3012003 3012004 3012005 3012006 3012007 3012008 3012009 3012010 3012011 3012012 3012013 3012014 3012015 3012016 3012017 3012018 3012019 3012020 3012021 3012022 3012023 3012024 3022000 3022001 3022002 3022003 3022004 3022005 3022006 3022007 3022008 3022009 3022010 3022011 3022012 3022013 3022014 3022015 3022016 3022017 3022018 3022019 3022020 3022021 3022022 3022023 3022024 3032000 3032001 3032002 3032003 3032004 3032005 3032006 3032007 3032008 3032009 3032010 3032011 3032012 3032013 3032014 3032015 3032016 3032017 3032018 3032019 3032020 3032021 3032022 3032023 3032024 
3002100 3002101 3002102 3002103 3002104 3002105 3002106 3002107 3002108 3002109 3002110 3002111 3002112 3002113 3002114 3002115 3002116 3002117 3002118 3002119 3002120 3002121 3002122 3002123 3002124 3012100 3012101 3012102 3012103 3012104 3012105 3012106 3012107 3012108 3012109 3012110 3012111 3012112 3012113 3012114 3012115 3012116 3012117 3012118 3012119 3012120 3012121 3012122 3012123 3012124 3022100 3022101 3022102 3022103 3022104 3022105 3022106 3022107 3022108 3022109 3022110 3022111 3022112 3022113 3022114 3022115 3022116 3022117 3022118 3022119 3022120 3022121 3022122 3022123 3022124 3032100 3032101 3032102 3032103 3032104 3032105 3032106 3032107 3032108 3032109 3032110 3032111 3032112 3032113 3032114 3032115 3032116 3032117 3032118 3032119 3032120 3032121 3032122 3032123 3032124 
3002200 3002201 3002202 3002203 3002204 3002205 3002206 3002207 3002208 3002209 3002210 3002211 3002212 3002213 3002214 3002215 3002216 3002217 3002218 3002219 3002220 3002221 3002222 3002223 3002224 3012200 3012201 3012202 3012203 3012204 3012205 3012206 3012207 3012208 3012209 3012210 3012211 3012212 3012213 3012214 3012215 3012216 3012217 3012218 3012219 3012220 3012221 3012222 3012223 3012224 3022200 3022201 3022202 3022203 3022204 3022205 3022206 3022207 3022208 3022209 3022210 3022211 3022212 3022213 3022214 3022215 3022216 3022217 3022218 3022219 3022220 3022221 3022222 3022223 3022224 3032200 3032201 3032202 3032203 3032204 3032205 3032206 3032207 3032208 3032209 3032210 3032211 3032212 3032213 3032214 3032215 3032216 3032217 3032218 3032219 3032220 3032221 3032222 3032223 3032224 
3002300 3002301 3002302 3002303 3002304 3002305 3002306 3002307 3002308 3002309 3002310 3002311 3002312 3002313 3002314 3002315 3002316 3002317 3002318 3002319 3002320 3002321 3002322 3002323 3002324 3012300 3012301 3012302 3012303 3012304 3012305 3012306 3012307 3012308 3012309 3012310 3012311 3012312 3012313 3012314 3012315 3012316 3012317 3012318 3012319 3012320 3012321 3012322 3012323 3012324 3022300 3022301 3022302 3022303 3022304 3022305 3022306 3022307 3022308 3022309 3022310 3022311 3022312 3022313 3022314 3022315 3022316 3022317 3022318 3022319 3022320 3022321 3022322 3022323 3022324 3032300 3032301 3032302 3032303 3032304 3032305 3032306 3032307 3032308 3032309 3032310 3032311 3032312 3032313 3032314 3032315 3032316 3032317 3032318 3032319 3032320 3032321 3032322 3032323 3032324 
3002400 3002401 3002402 3002403 3002404 3002405 3002406 3002407 3002408 3002409 3002410 3002411 3002412 3002413 3002414 3002415 3002416 3002417 3002418 3002419 3002420 3002421 3002422 3002423 3002424 3012400 3012401 3012402 3012403 3012404 3012405 3012406 3012407 3012408 3012409 3012410 3012411 3012412 3012413 3012414 3012415 3012416 3012417 3012418 3012419 3012420 3012421 3012422 3012423 3012424 3022400 3022401 3022402 3022403 3022404 3022405 3022406 3022407 3022408 3022409 3022410 3022411 3022412 3022413 3022414 3022415 3022416 3022417 3022418 3022419 3022420 3022421 3022422 3022423 3022424 3032400 3032401 3032402 3032403 3032404 3032405 3032406 3032407 3032408 3032409 3032410 3032411 3032412 3032413 3032414 3032415 3032416 3032417 3032418 3032419 3032420 3032421 3032422 3032423 3032424 
